0
0
0
0
0
0
0
0
0
0
0
0
0
0
0
0
0
0
0
0
0
0
0
0
0
0
0
0
0
0
0
0
0
0
0
0
0
0
0
0
0
0
0
0
0
0
0
0
0
0
0
0
0
0
0
0
0
0
0
0
0
0
0
0
0
0
0
0
0
0
0
0
0
0
0
0.00244349
0.0171045
0.0583384
0.135003
0.248015
0.387905
0.510996
0.550703
0.467624
0.296579
0.140195
0.108125
0.249542
0.508552
0.750153
0.854307
0.786194
0.589493
0.334759
0.0855223
-0.0888821
-0.126145
-0.00763592
0.225412
0.489921
0.69212
0.768479
0.701283
0.500305
0.189982
-0.183262
-0.552535
-0.840867
-0.977398
-0.929139
-0.734575
-0.477092
-0.225412
-0.0180208
0.121258
0.182651
0.173794
0.110568
0.00244349
-0.137752
-0.277947
-0.387905
-0.458155
-0.499695
-0.535736
-0.58369
-0.636225
-0.66402
-0.642334
-0.579414
-0.518937
-0.518937
-0.604154
-0.729078
-0.808186
-0.787111
-0.66463
-0.470373
-0.25901
-0.108735
-0.0821625
-0.181124
-0.341478
-0.476787
-0.528711
-0.478314
-0.345144
-0.189371
-0.0736103
-0.0299328
-0.0583384
-0.127062
-0.181124
-0.174404
-0.102016
0.00274893
0.106597
0.192425
0.248015
0.260232
0.212889
0.0980452
-0.0766646
-0.304215
-0.568112
-0.820709
-0.98595
-1
-0.851252
-0.58369
-0.25504
0.0800244
0.348809
0.474038
0.430666
0.268479
0.0791081
-0.0620037
-0.131032
-0.148137
-0.143555
-0.140501
-0.145082
-0.14325
-0.113012
-0.0513134
0.0232132
0.102932
0.191509
0.27245
0.311546
0.295663
0.246793
0.19609
0.158827
0.133476
0.109346
0.0641417
-0.0253513
-0.151802
-0.27642
-0.358583
-0.376604
-0.334148
-0.258094
-0.182651
-0.124924
-0.0720831
0.00305437
0.114539
0.237935
0.327734
0.352474
0.309102
0.214111
0.0873549
-0.0473427
-0.162187
-0.228161
-0.238546
-0.219304
-0.20953
-0.224801
-0.253207
-0.277337
-0.289859
-0.289249
-0.274588
-0.239462
-0.17135
-0.0665852
0.0516188
0.142639
0.175015
0.148748
0.0907147
0.0354307
0.00733048
0.00855223
0.0229078
0.038485
0.0540623
0.0723885
0.0949908
0.121564
0.151497
0.183568
0.214722
0.240684
0.251374
0.235492
0.193036
0.135919
0.072694
0.00122175
-0.0791081
-0.152108
-0.19609
-0.201283
-0.161881
-0.0729994
0.0543677
0.184789
0.27245
0.283445
0.216249
0.1011
-0.0164936
-0.104154
-0.154246
-0.177153
-0.183873
-0.17471
-0.142639
-0.0839951
-0.00274893
0.0864386
0.165547
0.219304
0.243433
0.237324
0.197618
0.120953
0.0219914
-0.0659743
-0.109346
-0.0876604
0
0.129505
0.261759
0.362553
0.414478
0.413867
0.363164
0.264814
0.126145
-0.0345144
-0.189676
-0.307575
-0.368662
-0.374465
-0.337813
-0.266952
-0.167074
-0.0476481
0.074832
0.179597
0.249847
0.279169
0.268784
0.225107
0.16066
0.0901038
0.0244349
-0.0290165
-0.0693341
-0.0986561
-0.116371
-0.119426
-0.107819
-0.0876604
-0.0696396
-0.06292
-0.0675015
-0.0812462
-0.103849
-0.133476
-0.159743
-0.166768
-0.142944
-0.089493
-0.0143555
0.0702505
0.149359
0.210751
0.253207
0.27978
0.288332
0.270922
0.228161
0.171961
0.120342
0.0861332
0.0733048
0.0791081
0.0956017
0.111179
0.116066
0.109652
0.0919365
0.0592547
0.011912
-0.0415394
-0.0910202
-0.132254
-0.165852
-0.188454
-0.193341
-0.17807
-0.149359
-0.116371
-0.0800244
-0.0345144
0.0207697
0.0806353
0.135308
0.174099
0.186011
0.167074
0.125229
0.0778864
0.0421503
0.0253513
0.0287111
0.0513134
0.086744
0.118815
0.13317
0.127673
0.108735
0.0821625
0.0540623
0.0296274
0.0091631
-0.0113012
-0.0348198
-0.0595602
-0.0824679
-0.0989615
-0.10507
-0.0980452
-0.0809407
-0.0623091
-0.0516188
-0.0488699
-0.0473427
-0.0394013
-0.0235186
-0.00366524
0.0171045
0.0372633
0.0577276
0.0781918
0.0959071
0.106597
0.107819
0.099267
0.0836897
0.0668907
0.0528406
0.0415394
0.0320709
0.0268784
0.0290165
0.0378742
0.0473427
0.0525351
0.0528406
0.0485644
0.036347
0.011912
-0.0210751
-0.0500916
-0.0644472
-0.06292
-0.053146
-0.0427611
-0.0372633
-0.0397068
-0.0497862
-0.0653635
-0.0824679
-0.0949908
-0.0977398
-0.0885767
-0.0693341
-0.0448992
-0.0226023
-0.00610874
0.00152718
-0.000305437
-0.0109957
-0.0253513
-0.0354307
-0.0342089
-0.0213806
-0.00213806
0.0180208
0.0387905
0.065058
0.0980452
0.129505
0.143861
0.131338
0.09438
0.0467318
0.00366524
-0.0244349
-0.0351252
-0.0308491
-0.0152718
0.0033598
0.019548
0.0284056
0.0284056
0.0204643
0.00794136
-0.00671961
-0.019548
-0.0268784
-0.0259621
-0.0164936
-0.00274893
0.0106903
0.0201588
0.0250458
0.0244349
0.0183262
0.00702505
-0.00549786
-0.0140501
-0.0131338
-0.000305437
0.0207697
0.0439829
0.0635308
0.0745266
0.0751374
0.0656689
0.0479536
0.026573
0.00794136
-0.00152718
0.000305437
0.0109957
0.026573
0.0445938
0.0616982
0.0745266
0.0818571
0.0836897
0.079719
0.069945
0.0537569
0.0332926
0.0116066
-0.00733048
-0.0207697
-0.0268784
-0.0247404
-0.0158827
-0.0033598
0.00763592
0.0116066
0.00397068
-0.0128283
-0.0326817
-0.0491753
-0.060171
-0.0665852
-0.0693341
-0.0693341
-0.0687233
-0.0693341
-0.0696396
-0.0659743
-0.0558949
-0.0390959
-0.0180208
0.00305437
0.0222969
0.0394013
0.053146
0.0610874
0.0610874
0.053146
0.0397068
0.0232132
0.00549786
-0.0109957
-0.0244349
-0.0329872
-0.0351252
-0.0305437
-0.0207697
-0.00824679
0.00519243
0.0161881
0.0241295
0.0293219
0.0323763
0.0345144
0.0366524
0.038485
0.0403177
0.0409285
0.0387905
0.0317654
0.0210751
0.00946854
0
-0.00641417
-0.0109957
-0.0140501
-0.0158827
-0.0152718
-0.0103849
-0.00122175
0.0091631
0.016799
0.0174099
0.0103849
-0.00152718
-0.0140501
-0.0229078
-0.0268784
-0.0256567
-0.0192425
-0.0091631
0.00366524
0.0171045
0.0281002
0.0348198
0.0342089
0.0268784
0.0155773
0.00519243
-0.000305437
0.000610874
0.00855223
0.0219914
0.0366524
0.048259
0.0543677
0.0546732
0.0507025
0.0452046
0.041234
0.0403177
0.0427611
0.0452046
0.0427611
0.0339035
0.0204643
0.00763592
-0
0.000610874
0.00824679
0.0189371
0.0281002
0.03146
0.0274893
0.0152718
-0.00244349
-0.0207697
-0.0345144
-0.0409285
-0.0390959
-0.03146
-0.0213806
-0.0103849
-0.000305437
0.00763592
0.0125229
0.014661
0.0140501
0.0103849
0.00488699
-0
-0.00244349
-0.00213806
-0.00152718
-0.00244349
-0.00610874
-0.011912
-0.0177153
-0.0219914
-0.0235186
-0.0222969
-0.0192425
-0.0137447
-0.00641417
0.00183262
0.00946854
0.0161881
0.0210751
0.0232132
0.0238241
0.0232132
0.021686
0.0198534
0.016799
0.0131338
0.0091631
0.00641417
0.00458155
0.00305437
0.000305437
-0.00244349
-0.00305437
-0.00122175
0.0033598
0.0091631
0.0155773
0.0210751
0.0241295
0.0244349
0.0226023
0.0189371
0.0140501
0.0091631
0.00458155
0.00152718
0.000305437
0.000610874
0.0033598
0.00885767
0.0161881
0.0229078
0.0274893
0.0290165
0.0281002
0.0247404
0.0207697
0.016799
0.0140501
0.0128283
0.0131338
0.014661
0.0177153
0.021686
0.0259621
0.0290165
0.0296274
0.0268784
0.0210751
0.0137447
0.00702505
0.00366524
0.00488699
0.0091631
0.0152718
0.021686
0.0268784
0.0290165
0.0277947
0.0235186
0.0171045
0.0113012
0.00794136
0.00824679
0.0128283
0.0201588
0.0281002
0.0342089
0.0369578
0.0357361
0.0311546
0.0238241
0.0155773
0.00794136
0.00244349
-0.00091631
-0.00152718
-0.000610874
0.00183262
0.0058033
0.011912
0.019548
0.0274893
0.0339035
0.0378742
0.0387905
0.0366524
0.0320709
0.0259621
0.0198534
0.0152718
0.0128283
0.0137447
0.0158827
0.0177153
0.0186316
0.0183262
0.0174099
0.0161881
0.014661
0.0128283
0.0109957
0.00946854
0.00794136
0.00702505
0.00671961
0.00702505
0.00763592
0.00855223
0.00977398
0.0100794
0.00946854
0.00794136
0.00702505
0.00733048
0.00855223
0.0100794
0.0113012
0.0122175
0.0122175
0.0116066
0.0106903
0.0100794
0.00977398
0.00946854
0.0091631
0.00794136
0.00702505
0.00671961
0.00763592
0.0100794
0.0134392
0.0180208
0.0229078
0.0271839
0.0290165
0.0284056
0.0253513
0.0207697
0.0164936
0.0131338
0.0116066
0.011912
0.0134392
0.0158827
0.0180208
0.0189371
0.0186316
0.0174099
0.0164936
0.0161881
0.0164936
0.0174099
0.0171045
0.0158827
0.0134392
0.0100794
0.00671961
0.00366524
0.00213806
0.00244349
0.00427611
0.00671961
0.0091631
0.0109957
0.0116066
0.0106903
0.00885767
0.00610874
0.00366524
0.00183262
0.00122175
0.00152718
0.00244349
0.00397068
0.00641417
0.00977398
0.0131338
0.0158827
0.0180208
0.0186316
0.0186316
0.0183262
0.0180208
0.0177153
0.0174099
0.0171045
0.0164936
0.0155773
0.0140501
0.011912
0.0091631
0.00641417
0.00427611
0.00274893
0.00244349
0.00366524
0.00610874
0.00946854
0.0128283
0.0155773
0.0177153
0.0192425
0.0201588
0.0207697
0.0201588
0.0183262
0.0155773
0.0128283
0.0100794
0.00824679
0.00733048
0.00763592
0.00885767
0.0103849
0.011912
0.0131338
0.0140501
0.0143555
0.0140501
0.0131338
0.0125229
0.0122175
0.0122175
0.0128283
0.0137447
0.0143555
0.014661
0.014661
0.0140501
0.0134392
0.0125229
0.0122175
0.0122175
0.0122175
0.0116066
0.0109957
0.00977398
0.0091631
0.0091631
0.00977398
0.0103849
0.0116066
0.0125229
0.0131338
0.0134392
0.0134392
0.0128283
0.0122175
0.0109957
0.00977398
0.00824679
0.00671961
0.00610874
0.00641417
0.00824679
0.0106903
0.0134392
0.0155773
0.016799
0.016799
0.0158827
0.0143555
0.0125229
0.0106903
0.00885767
0.00763592
0.00671961
0.00610874
0.00671961
0.00763592
0.00885767
0.0103849
0.0113012
0.0122175
0.0125229
0.0128283
0.0131338
0.0128283
0.0122175
0.0116066
0.0106903
0.00977398
0.00885767
0.00824679
0.00794136
0.00794136
0.00885767
0.00977398
0.0106903
0.0109957
0.0103849
0.00977398
0.00885767
0.00824679
0.00855223
0.00946854
0.0109957
0.0122175
0.0134392
0.0140501
0.0143555
0.0140501
0.0131338
0.0122175
0.0106903
0.0091631
0.00794136
0.00702505
0.00641417
0.00671961
0.00733048
0.00855223
0.00946854
0.0100794
0.0103849
0.0103849
0.0106903
0.0113012
0.0125229
0.0140501
0.0152718
0.0155773
0.0155773
0.0149664
0.0140501
0.0131338
0.0125229
0.0122175
0.0122175
0.011912
0.0116066
0.0109957
0.0103849
0.00946854
0.00885767
0.00794136
0.00733048
0.00702505
0.00733048
0.00763592
0.00824679
0.0091631
0.00946854
0.00977398
0.0100794
0.0106903
0.011912
0.0128283
0.0140501
0.014661
0.0149664
0.014661
0.0137447
0.0131338
0.0125229
0.0125229
0.0125229
0.0125229
0.0125229
0.0128283
0.0128283
0.0122175
0.0113012
0.00977398
0.00885767
0.00763592
0.00702505
0.00671961
0.00641417
0.00671961
0.00702505
0.00763592
0.00855223
0.0091631
0.0100794
0.0109957
0.0113012
0.0116066
0.0116066
0.0113012
0.0109957
0.0103849
0.0100794
0.00977398
0.00977398
0.00977398
0.00977398
0.00977398
0.0103849
0.0109957
0.0116066
0.0125229
0.0131338
0.0134392
0.0137447
0.0134392
0.0128283
0.0122175
0.0113012
0.0103849
0.00977398
0.0091631
0.0091631
0.00946854
0.0100794
0.0109957
0.0116066
0.0125229
0.0128283
0.0128283
0.0125229
0.011912
0.0109957
0.0103849
0.0100794
0.0100794
0.0100794
0.0103849
0.0106903
0.0109957
0.0113012
0.0116066
0.0116066
0.0113012
0.0109957
0.0106903
0.0106903
0.0106903
0.0103849
0.0100794
0.00977398
0.00946854
0.0091631
0.0091631
0.00946854
0.00946854
0.00977398
0.0100794
0.0100794
0.0103849
0.0103849
0.0103849
0.0103849
0.0103849
0.0103849
0.0100794
0.0100794
0.00977398
0.00946854
0.00885767
0.00855223
0.00855223
0.00855223
0.00855223
0.00885767
0.00885767
0.0091631
0.0091631
0.00946854
0.00977398
0.0100794
0.0100794
0.0100794
0.00977398
0.00946854
0.0091631
0.00885767
0.00885767
0.00885767
0.00885767
0.00885767
0.0091631
0.0091631
0.00946854
0.00946854
0.00946854
0.00946854
0.00946854
0.0091631
0.00885767
0.00885767
0.00885767
0.00885767
0.0091631
0.0091631
0.0091631
0.00885767
0.00885767
0.00885767
0.00855223
0.00855223
0.00855223
0.00824679
0.00824679
0.00855223
0.00855223
0.00855223
0.00885767
0.00885767
0.00885767
0.00885767
0.00855223
0.00855223
0.00855223
0.00855223
0.00855223
0.00855223
0.00855223
0.00855223
0.00885767
0.00885767
0.0091631
0.00946854
0.00977398
0.00977398
0.00946854
0.0091631
0.00885767
0.00855223
0.00824679
0.00824679
0.00824679
0.00855223
0.00885767
0.00885767
0.0091631
0.0091631
0.0091631
0.0091631
0.00885767
0.00885767
0.00885767
0.00855223
0.00855223
0.00824679
0.00824679
0.00824679
0.00794136
0.00794136
0.00794136
0.00824679
0.00824679
0.00824679
0.00855223
0.00855223
0.00855223
0.00824679
0.00824679
0.00824679
0.00794136
0.00794136
0.00794136
0.00794136
0.00794136
0.00824679
0.00824679
0.00824679
0.00824679
0.00824679
0.00824679
0.00794136
0.00763592
0.00763592
0.00763592
0.00763592
0.00794136
0.00824679
0.00855223
0.00855223
0.00855223
0.00824679
0.00824679
0.00794136
0.00763592
0.00763592
0.00763592
0.00733048
0.00733048
0.00733048
0.00733048
0.00763592
0.00763592
0.00794136
0.00794136
0.00794136
0.00794136
0.00794136
0.00763592
0.00794136
0.00794136
0.00794136
0.00824679
0.00824679
0.00824679
0.00824679
0.00824679
0.00824679
0.00794136
0.00794136
0.00763592
0.00763592
0.00763592
0.00763592
0.00763592
0.00763592
0.00763592
0.00763592
0.00763592
0.00763592
0.00763592
0.00763592
0.00763592
0.00763592
0.00763592
0.00763592
0.00763592
0.00763592
0.00763592
0.00733048
0.00733048
0.00733048
0.00702505
0.00702505
0.00702505
0.00733048
0.00733048
0.00733048
0.00733048
0.00733048
0.00733048
0.00763592
0.00763592
0.00763592
0.00763592
0.00763592
0.00763592
0.00763592
0.00763592
0.00763592
0.00733048
0.00733048
0.00702505
0.00702505
0.00702505
0.00702505
0.00702505
0.00702505
0.00702505
0.00702505
0.00702505
0.00702505
0.00702505
0.00702505
0.00702505
0.00702505
0.00702505
0.00702505
0.00702505
0.00702505
0.00733048
0.00733048
0.00733048
0.00733048
0.00733048
0.00733048
0.00702505
0.00702505
0.00671961
0.00671961
0.00671961
0.00671961
0.00671961
0.00671961
0.00702505
0.00702505
0.00702505
0.00702505
0.00671961
0.00671961
0.00671961
0.00671961
0.00671961
0.00671961
0.00671961
0.00671961
0.00671961
0.00671961
0.00671961
0.00702505
0.00702505
0.00702505
0.00702505
0.00671961
0.00671961
0.00671961
0.00671961
0.00641417
0.00641417
0.00641417
0.00641417
0.00641417
0.00641417
0.00641417
0.00641417
0.00641417
0.00671961
0.00671961
0.00671961
0.00671961
0.00671961
0.00671961
0.00671961
0.00671961
0.00671961
0.00641417
0.00641417
0.00641417
0.00641417
0.00641417
0.00641417
0.00641417
0.00641417
0.00641417
0.00641417
0.00641417
0.00641417
0.00641417
0.00641417
0.00641417
0.00641417
0.00641417
0.00641417
0.00641417
0.00641417
0.00641417
0.00641417
0.00641417
0.00641417
0.00641417
0.00641417
0.00610874
0.00610874
0.00610874
0.00641417
0.00641417
0.00641417
0.00641417
0.00641417
0.00641417
0.00641417
0.00610874
0.00610874
0.00610874
0.00610874
0.00610874
0.00610874
0.00610874
0.00610874
0.00610874
0.00610874
0.00610874
0.00610874
0.00610874
0.00610874
0.00610874
0.00610874
0.00610874
0.00610874
0.00610874
0.00610874
0.00610874
0.00610874
0.00610874
0.00610874
0.00610874
0.00610874
0.0058033
0.0058033
0.0058033
0.0058033
0.0058033
0.0058033
0.0058033
0.0058033
0.0058033
0.0058033
0.0058033
0.0058033
0.0058033
0.0058033
0.0058033
0.0058033
0.0058033
0.00610874
0.00610874
0.00610874
0.00610874
0.0058033
0.0058033
0.0058033
0.0058033
0.0058033
0.0058033
0.0058033
0.0058033
0.0058033
0.0058033
0.0058033
0.00549786
0.00549786
0.00549786
0.00549786
0.00549786
0.00549786
0.00549786
0.00549786
0.0058033
0.0058033
0.0058033
0.0058033
0.0058033
0.0058033
0.0058033
0.0058033
0.0058033
0.00549786
0.00549786
0.00549786
0.00549786
0.00549786
0.00549786
0.00549786
0.00549786
0.00549786
0.00549786
0.00549786
0.00549786
0.00549786
0.00549786
0.00549786
0.00549786
0.00549786
0.00549786
0.00549786
0.00549786
0.00549786
0.00549786
0.00549786
0.00549786
0.00549786
0.00549786
0.00549786
0.00549786
0.00549786
0.00549786
0.00549786
0.00549786
0.00549786
0.00549786
0.00519243
0.00519243
0.00519243
0.00519243
0.00519243
0.00519243
0.00519243
0.00519243
0.00519243
0.00519243
0.00519243
0.00519243
0.00519243
0.00519243
0.00519243
0.00519243
0.00519243
0.00519243
0.00519243
0.00519243
0.00519243
0.00519243
0.00519243
0.00519243
0.00519243
0.00519243
0.00519243
0.00519243
0.00519243
0.00519243
0.00488699
0.00488699
0.00488699
0.00488699
0.00488699
0.00488699
0.00488699
0.00488699
0.00488699
0.00488699
0.00488699
0.00488699
0.00488699
0.00488699
0.00488699
0.00488699
0.00488699
0.00488699
0.00488699
0.00488699
0.00488699
0.00488699
0.00488699
0.00488699
0.00488699
0.00488699
0.00488699
0.00488699
0.00488699
0.00488699
0.00488699
0.00458155
0.00458155
0.00458155
0.00458155
0.00458155
0.00458155
0.00458155
0.00458155
0.00458155
0.00458155
0.00458155
0.00458155
0.00458155
0.00458155
0.00458155
0.00458155
0.00458155
0.00458155
0.00458155
0.00458155
0.00458155
0.00458155
0.00458155
0.00458155
0.00458155
0.00458155
0.00458155
0.00458155
0.00458155
0.00458155
0.00458155
0.00458155
0.00458155
0.00458155
0.00458155
0.00458155
0.00458155
0.00458155
0.00458155
0.00458155
0.00458155
0.00458155
0.00458155
0.00458155
0.00427611
0.00427611
0.00427611
0.00427611
0.00427611
0.00427611
0.00427611
0.00427611
0.00427611
0.00427611
0.00427611
0.00427611
0.00427611
0.00427611
0.00427611
0.00427611
0.00427611
0.00427611
0.00427611
0.00427611
0.00427611
0.00427611
0.00427611
0.00427611
0.00427611
0.00427611
0.00427611
0.00427611
0.00427611
0.00427611
0.00427611
0.00427611
0.00427611
0.00427611
0.00427611
0.00427611
0.00427611
0.00427611
0.00427611
0.00427611
0.00427611
0.00397068
0.00397068
0.00397068
0.00397068
0.00397068
0.00397068
0.00397068
0.00397068
0.00397068
0.00397068
0.00397068
0.00397068
0.00397068
0.00397068
0.00397068
0.00397068
0.00397068
0.00397068
0.00397068
0.00397068
0.00397068
0.00397068
0.00397068
0.00397068
0.00397068
0.00397068
0.00397068
0.00397068
0.00397068
0.00397068
0.00397068
0.00397068
0.00397068
0.00397068
0.00397068
0.00397068
0.00397068
0.00397068
0.00397068
0.00397068
0.00366524
0.00366524
0.00366524
0.00366524
0.00366524
0.00366524
0.00366524
0.00366524
0.00366524
0.00366524
0.00366524
0.00366524
0.00366524
0.00366524
0.00366524
0.00366524
0.00366524
0.00366524
0.00366524
0.00366524
0.00366524
0.00366524
0.00366524
0.00366524
0.00366524
0.00366524
0.00366524
0.00366524
0.00366524
0.00366524
0.00366524
0.00366524
0.00366524
0.00366524
0.00366524
0.00366524
0.00366524
0.00366524
0.0033598
0.0033598
0.0033598
0.0033598
0.0033598
0.0033598
0.0033598
0.0033598
0.0033598
0.0033598
0.0033598
0.0033598
0.0033598
0.0033598
0.0033598
0.0033598
0.0033598
0.0033598
0.0033598
0.0033598
0.0033598
0.0033598
0.0033598
0.0033598
0.0033598
0.0033598
0.0033598
0.0033598
0.0033598
0.0033598
0.0033598
0.0033598
0.0033598
0.0033598
0.0033598
0.0033598
0.0033598
0.0033598
0.0033598
0.0033598
0.0033598
0.0033598
0.0033598
0.0033598
0.0033598
0.0033598
0.00305437
0.00305437
0.00305437
0.00305437
0.00305437
0.00305437
0.00305437
0.00305437
0.00305437
0.00305437
0.00305437
0.00305437
0.00305437
0.00305437
0.00305437
0.00305437
0.00305437
0.00305437
0.00305437
0.00305437
0.00305437
0.00305437
0.00305437
0.00305437
0.00305437
0.00305437
0.00305437
0.00305437
0.00305437
0.00305437
0.00305437
0.00305437
0.00305437
0.00305437
0.00305437
0.00305437
0.00305437
0.00305437
0.00305437
0.00305437
0.00305437
0.00305437
0.00305437
0.00274893
0.00274893
0.00274893
0.00274893
0.00274893
0.00274893
0.00274893
0.00274893
0.00274893
0.00274893
0.00274893
0.00274893
0.00274893
0.00274893
0.00274893
0.00274893
0.00274893
0.00274893
0.00274893
0.00274893
0.00274893
0.00274893
0.00274893
0.00274893
0.00274893
0.00274893
0.00274893
0.00274893
0.00274893
0.00274893
0.00274893
0.00274893
0.00274893
0.00274893
0.00274893
0.00274893
0.00274893
0.00274893
0.00274893
0.00274893
0.00274893
0.00274893
0.00274893
0.00274893
0.00274893
0.00244349
0.00244349
0.00244349
0.00244349
0.00244349
0.00244349
0.00244349
0.00244349
0.00244349
0.00244349
0.00244349
0.00244349
0.00244349
0.00244349
0.00244349
0.00244349
0.00244349
0.00244349
0.00244349
0.00244349
0.00244349
0.00244349
0.00244349
0.00244349
0.00244349
0.00244349
0.00244349
0.00244349
0.00244349
0.00244349
0.00244349
0.00244349
0.00244349
0.00244349
0.00244349
0.00244349
0.00244349
0.00244349
0.00244349
0.00244349
0.00244349
0.00244349
0.00244349
0.00244349
0.00244349
0.00244349
0.00244349
0.00213806
0.00213806
0.00213806
0.00213806
0.00213806
0.00213806
0.00213806
0.00213806
0.00213806
0.00213806
0.00213806
0.00213806
0.00213806
0.00213806
0.00213806
0.00213806
0.00213806
0.00213806
0.00213806
0.00213806
0.00213806
0.00213806
0.00213806
0.00213806
0.00213806
0.00213806
0.00213806
0.00213806
0.00213806
0.00213806
0.00213806
0.00213806
0.00213806
0.00213806
0.00213806
0.00213806
0.00213806
0.00213806
0.00213806
0.00213806
0.00213806
0.00213806
0.00213806
0.00213806
0.00213806
0.00213806
0.00213806
0.00213806
0.00213806
0.00213806
0.00183262
0.00183262
0.00183262
0.00183262
0.00183262
0.00183262
0.00183262
0.00183262
0.00183262
0.00183262
0.00183262
0.00183262
0.00183262
0.00183262
0.00183262
0.00183262
0.00183262
0.00183262
0.00183262
0.00183262
0.00183262
0.00183262
0.00183262
0.00183262
0.00183262
0.00183262
0.00183262
0.00183262
0.00183262
0.00183262
0.00183262
0.00183262
0.00183262
0.00183262
0.00183262
0.00183262
0.00183262
0.00183262
0.00183262
0.00183262
0.00183262
0.00183262
0.00183262
0.00183262
0.00183262
0.00183262
0.00183262
0.00183262
0.00183262
0.00183262
0.00183262
0.00183262
0.00152718
0.00152718
0.00152718
0.00152718
0.00152718
0.00152718
0.00152718
0.00152718
0.00152718
0.00152718
0.00152718
0.00152718
0.00152718
0.00152718
0.00152718
0.00152718
0.00152718
0.00152718
0.00152718
0.00152718
0.00152718
0.00152718
0.00152718
0.00152718
0.00152718
0.00152718
0.00152718
0.00152718
0.00152718
0.00152718
0.00152718
0.00152718
0.00152718
0.00152718
0.00152718
0.00152718
0.00152718
0.00152718
0.00152718
0.00152718
0.00152718
0.00152718
0.00152718
0.00152718
0.00152718
0.00152718
0.00152718
0.00152718
0.00152718
0.00152718
0.00152718
0.00152718
0.00152718
0.00152718
0.00122175
0.00122175
0.00122175
0.00122175
0.00122175
0.00122175
0.00122175
0.00122175
0.00122175
0.00122175
0.00122175
0.00122175
0.00122175
0.00122175
0.00122175
0.00122175
0.00122175
0.00122175
0.00122175
0.00122175
0.00122175
0.00122175
0.00122175
0.00122175
0.00122175
0.00122175
0.00122175
0.00122175
0.00122175
0.00122175
0.00122175
0.00122175
0.00122175
0.00122175
0.00122175
0.00122175
0.00122175
0.00122175
0.00122175
0.00122175
0.00122175
0.00122175
0.00122175
0.00122175
0.00122175
0.00122175
0.00122175
0.00122175
0.00122175
0.00122175
0.00122175
0.00122175
0.00122175
0.00122175
0.00122175
0.00122175
0.00091631
0.00091631
0.00091631
0.00091631
0.00091631
0.00091631
0.00091631
0.00091631
0.00091631
0.00091631
0.00091631
0.00091631
0.00091631
0.00091631
0.00091631
0.00091631
0.00091631
0.00091631
0.00091631
0.00091631
0.00091631
0.00091631
0.00091631
0.00091631
0.00091631
0.00091631
0.00091631
0.00091631
0.00091631
0.00091631
0.00091631
0.00091631
0.00091631
0.00091631
0.00091631
0.00091631
0.00091631
0.00091631
0.00091631
0.00091631
0.00091631
0.00091631
0.00091631
0.00091631
0.00091631
0.00091631
0.00091631
0.00091631
0.00091631
0.00091631
0.00091631
0.00091631
0.00091631
0.00091631
0.00091631
0.00091631
0.00091631
0.00091631
0.00091631
0.00091631
0.000610874
0.000610874
0.000610874
0.000610874
0.000610874
0.000610874
0.000610874
0.000610874
0.000610874
0.000610874
0.000610874
0.000610874
0.000610874
0.000610874
0.000610874
0.000610874
0.000610874
0.000610874
0.000610874
0.000610874
0.000610874
0.000610874
0.000610874
0.000610874
0.000610874
0.000610874
0.000610874
0.000610874
0.000610874
0.000610874
0.000610874
0.000610874
0.000610874
0.000610874
0.000610874
0.000610874
0.000610874
0.000610874
0.000610874
0.000610874
0.000610874
0.000610874
0.000610874
0.000610874
0.000610874
0.000610874
0.000610874
0.000610874
0.000610874
0.000610874
0.000610874
0.000610874
0.000610874
0.000610874
0.000610874
0.000610874
0.000610874
0.000610874
0.000610874
0.000610874
0.000610874
0.000610874
0.000610874
0.000305437
0.000305437
0.000305437
0.000305437
0.000305437
0.000305437
0.000305437
0.000305437
0.000305437
0.000305437
0.000305437
0.000305437
0.000305437
0.000305437
0.000305437
0.000305437
0.000305437
0.000305437
0.000305437
0.000305437
0.000305437
0.000305437
0.000305437
0.000305437
0.000305437
0.000305437
0.000305437
0.000305437
0.000305437
0.000305437
0.000305437
0.000305437
0.000305437
0.000305437
0.000305437
0.000305437
0.000305437
0.000305437
0.000305437
0.000305437
0.000305437
0.000305437
0.000305437
0.000305437
0.000305437
0.000305437
0.000305437
0.000305437
0.000305437
0.000305437
0.000305437
0.000305437
0.000305437
0.000305437
0.000305437
0.000305437
0.000305437
0.000305437
0.000305437
0.000305437
0.000305437
0.000305437
0.000305437
0.000305437
0.000305437
0.000305437
0
0
0
0
0
0
0
0
0
0
0
0
0
0
0
0
0
0
0
0
0
0
0
0
0
0
0
0
0
0
0
0
0
0
0
-0
-0
-0
-0
-0
-0
-0
-0
-0
-0
-0
-0
-0
-0
-0
-0
-0
-0
-0
-0
-0
-0
-0
-0
-0
-0
-0
-0
-0
-0
-0
-0
-0
-0
-0
-0
-0.000305437
-0.000305437
-0.000305437
-0.000305437
-0.000305437
-0.000305437
-0.000305437
-0.000305437
-0.000305437
-0.000305437
-0.000305437
-0.000305437
-0.000305437
-0.000305437
-0.000305437
-0.000305437
-0.000305437
-0.000305437
-0.000305437
-0.000305437
-0.000305437
-0.000305437
-0.000305437
-0.000305437
-0.000305437
-0.000305437
-0.000305437
-0.000305437
-0.000305437
-0.000305437
-0.000305437
-0.000305437
-0.000305437
-0.000305437
-0.000305437
-0.000305437
-0.000305437
-0.000305437
-0.000305437
-0.000305437
-0.000305437
-0.000305437
-0.000305437
-0.000305437
-0.000305437
-0.000305437
-0.000305437
-0.000305437
-0.000305437
-0.000305437
-0.000305437
-0.000305437
-0.000305437
-0.000305437
-0.000305437
-0.000305437
-0.000305437
-0.000305437
-0.000305437
-0.000305437
-0.000305437
-0.000305437
-0.000305437
-0.000305437
-0.000305437
-0.000305437
-0.000305437
-0.000305437
-0.000305437
-0.000305437
-0.000305437
-0.000305437
-0.000305437
-0.000305437
-0.000305437
-0.000305437
-0.000305437
-0.000610874
-0.000610874
-0.000610874
-0.000610874
-0.000610874
-0.000610874
-0.000610874
-0.000610874
-0.000610874
-0.000610874
-0.000610874
-0.000610874
-0.000610874
-0.000610874
-0.000610874
-0.000610874
-0.000610874
-0.000610874
-0.000610874
-0.000610874
-0.000610874
-0.000610874
-0.000610874
-0.000610874
-0.000610874
-0.000610874
-0.000610874
-0.000610874
-0.000610874
-0.000610874
-0.000610874
-0.000610874
-0.000610874
-0.000610874
-0.000610874
-0.000610874
-0.000610874
-0.000610874
-0.000610874
-0.000610874
-0.000610874
-0.000610874
-0.000610874
-0.000610874
-0.000610874
-0.000610874
-0.000610874
-0.000610874
-0.000610874
-0.000610874
-0.000610874
-0.000610874
-0.000610874
-0.000610874
-0.000610874
-0.000610874
-0.000610874
-0.000610874
-0.000610874
-0.000610874
-0.000610874
-0.000610874
-0.000610874
-0.000610874
-0.000610874
-0.000610874
-0.000610874
-0.000610874
-0.000610874
-0.000610874
-0.000610874
-0.000610874
-0.000610874
-0.000610874
-0.000610874
-0.000610874
-0.000610874
-0.000610874
-0.000610874
-0.000610874
-0.000610874
-0.000610874
-0.000610874
-0.00091631
-0.00091631
-0.00091631
-0.00091631
-0.00091631
-0.00091631
-0.00091631
-0.00091631
-0.00091631
-0.00091631
-0.00091631
-0.00091631
-0.00091631
-0.00091631
-0.00091631
-0.00091631
-0.00091631
-0.00091631
-0.00091631
-0.00091631
-0.00091631
-0.00091631
-0.00091631
-0.00091631
-0.00091631
-0.00091631
-0.00091631
-0.00091631
-0.00091631
-0.00091631
-0.00091631
-0.00091631
-0.00091631
-0.00091631
-0.00091631
-0.00091631
-0.00091631
-0.00091631
-0.00091631
-0.00091631
-0.00091631
-0.00091631
-0.00091631
-0.00091631
-0.00091631
-0.00091631
-0.00091631
-0.00091631
-0.00091631
-0.00091631
-0.00091631
-0.00091631
-0.00091631
-0.00091631
-0.00091631
-0.00091631
-0.00091631
-0.00091631
-0.00091631
-0.00091631
-0.00091631
-0.00091631
-0.00091631
-0.00091631
-0.00091631
-0.00091631
-0.00091631
-0.00091631
-0.00091631
-0.00091631
-0.00091631
-0.00091631
-0.00091631
-0.00091631
-0.00091631
-0.00091631
-0.00091631
-0.00091631
-0.00091631
-0.00091631
-0.00091631
-0.00091631
-0.00091631
-0.00091631
-0.00091631
-0.00091631
-0.00091631
-0.00091631
-0.00091631
-0.00091631
-0.00091631
-0.00091631
-0.00122175
-0.00122175
-0.00122175
-0.00122175
-0.00122175
-0.00122175
-0.00122175
-0.00122175
-0.00122175
-0.00122175
-0.00122175
-0.00122175
-0.00122175
-0.00122175
-0.00122175
-0.00122175
-0.00122175
-0.00122175
-0.00122175
-0.00122175
-0.00122175
-0.00122175
-0.00122175
-0.00122175
-0.00122175
-0.00122175
-0.00122175
-0.00122175
-0.00122175
-0.00122175
-0.00122175
-0.00122175
-0.00122175
-0.00122175
-0.00122175
-0.00122175
-0.00122175
-0.00122175
-0.00122175
-0.00122175
-0.00122175
-0.00122175
-0.00122175
-0.00122175
-0.00122175
-0.00122175
-0.00122175
-0.00122175
-0.00122175
-0.00122175
-0.00122175
-0.00122175
-0.00122175
-0.00122175
-0.00122175
-0.00122175
-0.00122175
-0.00122175
-0.00122175
-0.00122175
-0.00122175
-0.00122175
-0.00122175
-0.00122175
-0.00122175
-0.00122175
-0.00122175
-0.00122175
-0.00122175
-0.00122175
-0.00122175
-0.00122175
-0.00122175
-0.00122175
-0.00122175
-0.00122175
-0.00122175
-0.00122175
-0.00122175
-0.00122175
-0.00122175
-0.00122175
-0.00122175
-0.00122175
-0.00122175
-0.00122175
-0.00122175
-0.00122175
-0.00122175
-0.00122175
-0.00122175
-0.00122175
-0.00122175
-0.00122175
-0.00122175
-0.00122175
-0.00122175
-0.00122175
-0.00122175
-0.00122175
-0.00122175
-0.00122175
-0.00152718
-0.00152718
-0.00152718
-0.00152718
-0.00152718
-0.00152718
-0.00152718
-0.00152718
-0.00152718
-0.00152718
-0.00152718
-0.00152718
-0.00152718
-0.00152718
-0.00152718
-0.00152718
-0.00152718
-0.00152718
-0.00152718
-0.00152718
-0.00152718
-0.00152718
-0.00152718
-0.00152718
-0.00152718
-0.00152718
-0.00152718
-0.00152718
-0.00152718
-0.00152718
-0.00152718
-0.00152718
-0.00152718
-0.00152718
-0.00152718
-0.00152718
-0.00152718
-0.00152718
-0.00152718
-0.00152718
-0.00152718
-0.00152718
-0.00152718
-0.00152718
-0.00152718
-0.00152718
-0.00152718
-0.00152718
-0.00152718
-0.00152718
-0.00152718
-0.00152718
-0.00152718
-0.00152718
-0.00152718
-0.00152718
-0.00152718
-0.00152718
-0.00152718
-0.00152718
-0.00152718
-0.00152718
-0.00152718
-0.00152718
-0.00152718
-0.00152718
-0.00152718
-0.00152718
-0.00152718
-0.00152718
-0.00152718
-0.00152718
-0.00152718
-0.00152718
-0.00152718
-0.00152718
-0.00152718
-0.00152718
-0.00152718
-0.00152718
-0.00152718
-0.00152718
-0.00152718
-0.00152718
-0.00152718
-0.00152718
-0.00152718
-0.00152718
-0.00152718
-0.00152718
-0.00152718
-0.00152718
-0.00152718
-0.00152718
-0.00152718
-0.00152718
-0.00152718
-0.00152718
-0.00152718
-0.00152718
-0.00152718
-0.00152718
-0.00152718
-0.00152718
-0.00152718
-0.00152718
-0.00152718
-0.00152718
-0.00152718
-0.00152718
-0.00152718
-0.00152718
-0.00152718
-0.00152718
-0.00152718
-0.00152718
-0.00152718
-0.00183262
-0.00183262
-0.00183262
-0.00183262
-0.00183262
-0.00183262
-0.00183262
-0.00183262
-0.00183262
-0.00183262
-0.00183262
-0.00183262
-0.00183262
-0.00183262
-0.00183262
-0.00183262
-0.00183262
-0.00183262
-0.00183262
-0.00183262
-0.00183262
-0.00183262
-0.00183262
-0.00183262
-0.00183262
-0.00183262
-0.00183262
-0.00183262
-0.00183262
-0.00183262
-0.00183262
-0.00183262
-0.00183262
-0.00183262
-0.00183262
-0.00183262
-0.00183262
-0.00183262
-0.00183262
-0.00183262
-0.00183262
-0.00183262
-0.00183262
-0.00183262
-0.00183262
-0.00183262
-0.00183262
-0.00183262
-0.00183262
-0.00183262
-0.00183262
-0.00183262
-0.00183262
-0.00183262
-0.00183262
-0.00183262
-0.00183262
-0.00183262
-0.00183262
-0.00183262
-0.00183262
-0.00183262
-0.00183262
-0.00183262
-0.00183262
-0.00183262
-0.00183262
-0.00183262
-0.00183262
-0.00183262
-0.00183262
-0.00183262
-0.00183262
-0.00183262
-0.00183262
-0.00183262
-0.00183262
-0.00183262
-0.00183262
-0.00183262
-0.00183262
-0.00183262
-0.00183262
-0.00183262
-0.00183262
-0.00183262
-0.00183262
-0.00183262
-0.00183262
-0.00183262
-0.00183262
-0.00183262
-0.00183262
-0.00183262
-0.00183262
-0.00183262
-0.00183262
-0.00183262
-0.00183262
-0.00183262
-0.00183262
-0.00183262
-0.00183262
-0.00183262
-0.00183262
-0.00183262
-0.00183262
-0.00183262
-0.00183262
-0.00183262
-0.00183262
-0.00183262
-0.00183262
-0.00183262
-0.00183262
-0.00183262
-0.00183262
-0.00183262
-0.00183262
-0.00183262
-0.00183262
-0.00183262
-0.00183262
-0.00183262
-0.00183262
-0.00183262
-0.00183262
-0.00183262
-0.00183262
-0.00183262
-0.00183262
-0.00183262
-0.00183262
-0.00183262
-0.00183262
-0.00183262
-0.00183262
-0.00183262
-0.00213806
-0.00213806
-0.00213806
-0.00213806
-0.00213806
-0.00213806
-0.00213806
-0.00213806
